6.850000000000000000e+01
1.145195312500000000e+02
6.850000000000000000e+01
1.308710937500000000e+02
6.850000000000000000e+01
1.472226562500000000e+02
7.150000000000000000e+01
1.623164062500000000e+02
7.750000000000000000e+01
1.774101562500000000e+02
8.650000000000000000e+01
1.899882812500000000e+02
9.750000000000000000e+01
2.000507812500000000e+02
1.095000000000000000e+02
2.075976562500000000e+02
1.225000000000000000e+02
2.088554687500000000e+02
1.365000000000000000e+02
2.088554687500000000e+02
1.485000000000000000e+02
2.050820312500000000e+02
1.605000000000000000e+02
1.975351562500000000e+02
1.695000000000000000e+02
1.874726562500000000e+02
1.785000000000000000e+02
1.736367187500000000e+02
1.835000000000000000e+02
1.585429687500000000e+02
1.885000000000000000e+02
1.434492187500000000e+02
1.895000000000000000e+02
1.270976562500000000e+02
7.350000000000000000e+01
1.094882812500000000e+02
8.300000000000000000e+01
1.031992187500000000e+02
9.350000000000000000e+01
1.025703125000000000e+02
1.055000000000000000e+02
1.038281250000000000e+02
1.165000000000000000e+02
1.050859375000000000e+02
1.450000000000000000e+02
1.082304687500000000e+02
1.550000000000000000e+02
1.076015625000000000e+02
1.660000000000000000e+02
1.082304687500000000e+02
1.765000000000000000e+02
1.107460937500000000e+02
1.855000000000000000e+02
1.157773437500000000e+02
1.295000000000000000e+02
1.220664062500000000e+02
1.285000000000000000e+02
1.333867187500000000e+02
1.275000000000000000e+02
1.447070312500000000e+02
1.265000000000000000e+02
1.560273437500000000e+02
1.125000000000000000e+02
1.610585937500000000e+02
1.195000000000000000e+02
1.623164062500000000e+02
1.265000000000000000e+02
1.635742187500000000e+02
1.325000000000000000e+02
1.635742187500000000e+02
1.395000000000000000e+02
1.635742187500000000e+02
8.550000000000000000e+01
1.182929687500000000e+02
9.150000000000000000e+01
1.132617187500000000e+02
1.085000000000000000e+02
1.145195312500000000e+02
1.125000000000000000e+02
1.220664062500000000e+02
1.065000000000000000e+02
1.245820312500000000e+02
9.150000000000000000e+01
1.220664062500000000e+02
1.445000000000000000e+02
1.258398437500000000e+02
1.515000000000000000e+02
1.182929687500000000e+02
1.665000000000000000e+02
1.208085937500000000e+02
1.715000000000000000e+02
1.258398437500000000e+02
1.655000000000000000e+02
1.296132812500000000e+02
1.505000000000000000e+02
1.283554687500000000e+02
1.045000000000000000e+02
1.786679687500000000e+02
1.125000000000000000e+02
1.761523437500000000e+02
1.215000000000000000e+02
1.761523437500000000e+02
1.255000000000000000e+02
1.761523437500000000e+02
1.295000000000000000e+02
1.761523437500000000e+02
1.385000000000000000e+02
1.786679687500000000e+02
1.465000000000000000e+02
1.811835937500000000e+02
1.405000000000000000e+02
1.874726562500000000e+02
1.335000000000000000e+02
1.925039062500000000e+02
1.245000000000000000e+02
1.925039062500000000e+02
1.165000000000000000e+02
1.912460937500000000e+02
1.105000000000000000e+02
1.849570312500000000e+02
1.055000000000000000e+02
1.786679687500000000e+02
1.155000000000000000e+02
1.799257812500000000e+02
1.255000000000000000e+02
1.811835937500000000e+02
1.355000000000000000e+02
1.824414062500000000e+02
1.455000000000000000e+02
1.824414062500000000e+02
1.355000000000000000e+02
1.824414062500000000e+02
1.255000000000000000e+02
1.824414062500000000e+02
1.155000000000000000e+02
1.811835937500000000e+02
